Flamable Gas
67.79890892552295
6.417259833742984
72.20614144633504
93.31783548573222
56.244343256501935
92.88793264588655
39.131853710766364
26.879375378199477
20.86295999989527
44.902359931982005
36.38581228605309
29.574176023356358
20.281144121017768
64.02757903891029
21.914291605369772
23.95965946569304
95.51442335668658
99.0239388471528
90.79790428371585
Flamable Gas
Flamable Gas
Flamable Gas
Flamable Gas
Flamable Gas
5.462087123142101
56.17110345707653
9.997018962322613
35.4603509669335
52.52769466671494
48.3858572926998
47.98480908409262
50.76533619343719
26.241725169660047
15.733786368805214
50.33720040646428
67.04260372213272
63.62068250809565
61.884225116911374
9.4327898156479
26.146014005805363
94.14541717922103
18.25175704091184
41.35023243056375
80.98926762208659
60.65767784417023
0.3978791077076549
63.70342977612042
50.063573230006384
68.42492449752251
Flamable Gas
Flamable Gas
72.8098149789018
44.16661715452609
89.32391468503702
77.95936584664082
56.70730080042561
16.67282325777142
70.78169645318614
45.96407213761561
37.711029086954795
43.70063508373051
38.613857864711385
80.91152977737734
Flamable Gas
Flamable Gas
Flamable Gas
Flamable Gas
Flamable Gas
Flamable Gas
Flamable Gas
Flamable Gas
Flamable Gas
92.19385284643046
81.89612377877708
53.35645014684294
35.14597186657331
85.3664485857487
16.00533697024925
67.05471794441522
16.136194011932258
12.137635411409587
65.14283600867078
65.53347776015752
31.82961222142665
87.80202664878774
74.64376748493513
2.8971876850018674
12.853165622792462
61.26496529659056
68.37137652732002
90.93552959125337
91.54379142263679
45.95856452480961
44.45008928710749
20.510098165977443
29.93053897336866
48.22838867928435
86.04543072679138
81.52323771272091
10.969277352990137
7.989586139868987
79.94170501035592
70.5180473308219
24.331864351078003
17.117594973494587
25.343913490999537
19.22133109689398
62.24730551840696
80.47484182514827
46.382928069489694
38.64751798102471
67.04608423213719
97.50240123780283
74.41147904296017
12.29551853277604
89.4809928352831
12.467883539512703
42.47571778408401
9.085116154886707
44.967059603253965
20.84285333848769
39.634278650503994
2.7795180360746796
41.550661979405554
64.46028883919116
18.10953631482034
95.04056898212193
28.614243433606525
30.360366452471
42.518794134107516
47.49814262039427
71.07824851638267
79.64293689069997
67.92234128721792
28.49246521086308
32.21620058866974
77.77950865548834
34.803733869478734
9.255760000610902
66.94092897720898
18.043448101851347
75.68229264615073
29.963833606965384
24.368818647986156
77.83575327614997
95.82170221006501
2.7865969770267007
14.340774836718317
15.085640630490637
73.27909632550352
16.999419422495166
60.16460003397
71.20787838591639
43.1305460677484
85.2196159295734
72.25665205960256
63.064992627497496
79.18367747999412
78.45086652930627
49.270806789176156
67.49285333661234
98.40218444645534
92.50297136687531
31.00692869513867
15.778239969221508
29.83338014759218
53.69371590863946
76.85238721120609
43.7889732592821
31.216649301876874
81.6376688538043
50.18802244765681
36.16486174242887
5.939337616769036
93.62213582689544
45.36739836901821
49.18248069468857
34.95692673836748
53.981211114384166
58.0427362899933
43.923689334495094
66.01518532104312
91.21548045099695
72.7391757946669
63.82886306385157
30.51516746859273
25.061280311430657
46.141364346126664
25.486483591004937
39.064790330347584
98.69177473601157
94.78362546838798
66.14375558810687
56.75254182406566
33.90403651597881
2.500023894443937
66.07422955794635
98.09799806436781
13.792477015370586
Flamable Gas
53.4175316247868
1.6619767946641995
17.656563846117624
23.968103417901254
50.0981294536504
84.83348522002511
90.70206382736696
17.903961748378272
49.85842531245207
25.57985806337357
47.9611929361468
63.6192406956915
25.942747928247158
5.578600047036108
94.75069942806516
18.65787760774136
37.654239819005596
35.99924241403757
61.962857929277995
58.94257925860678
89.63466176714545
77.96239618173459
8.62635791928369
68.53981638797268
4.363188991625511
49.2355311297767
36.40714730498571
72.71503693900792
31.522349523101013
32.61307961967351
33.84437785344186
4.987664365399757
30.789266414116945
50.293991884018475
62.1330355117957
25.74321059969722
Flamable Gas
7.868193187746197
65.63904832316652
20.9543944359189
76.32754897398918
49.01469464800472
39.16062121486045
40.7838281343625
9.335014647514262
34.47886589868657
25.442170558824884
94.32346685929814
49.82432063905935
17.87774891692656
16.485576098982392
68.71539038195507
15.138984952428435
11.921449611791745
94.05680677350222
43.12964680503196
11.598790653309067
33.933612778453494
92.8079890254738
Flamable Gas
78.15527434646961
54.17027537292027
56.06850370188914
69.09267155246516
56.92299517550185
33.42830541997771
19.126749495215932
12.001789746439274
42.21781153321111
Flamable Gas
75.68908468012468
7.157051372018142
41.66415738324465
65.1661616996895
54.73632726351478
0.5369862831551164
19.524225975609887
4.07372690458605
88.663354668645
71.03176974893942
78.34918699436393
90.5070819272651
8.284790287683242
96.16205329242511
16.694427665511324
19.378380841136167
17.720605929563426
31.22797316125897
24.02400387531072
86.35616818891954
6.767132688999622
52.70946877047348
44.69009652669169
97.23821728104842
69.18060358069715
32.35782584962594
39.37450975344857
86.00596399055411
56.108964550517214
89.5845123855952
59.82829148342736
18.907054473558993
6.333469261493219
6.290713328253084
67.05237335607545
0.8917098237686383
13.051801905850146
86.18698552653615
79.1087142409103
56.10228990975307
91.96023751123256
29.012231976300086
98.58141662042907
24.768491167101402
77.53525791108608
42.88399559170071
98.06755618476923
40.295301431916975
18.4592437252299
73.58222686177439
58.55298670938628
3.8461763866524223
19.25091836832652
42.332265460053584
55.90818695293799
67.29984556764992
26.437120356844922
40.959225999699086
1.2705751522927078
31.061510412911552
92.82804180435429
34.20540984012138
9.508786292368521
38.05308426642935
6.542393889822751
24.75612675495841
92.26679646296873
50.58192291225612
41.2797572461113
0.5565809701455593
90.5771208443253
0.6701157668384305
96.77928223703067
33.97329006430312
72.93613451285319
44.609835424665015
29.00275775462505
28.23673599071952
31.835350568010213
18.436180704036364
5.69919473643854
59.974605143616685
63.43102343560899
16.011336386081
54.78230799226711
57.29841597439221
29.28377456156811
53.400840162216014
15.336680865566576
51.82584932076176
28.558779456551175
73.57189863539546
3.3950974052343597
76.95435723954944
85.91661492456065
72.33885518555182
36.21886789836367
25.55721796408459
93.15726476313712
32.80318174938904
90.71464690340464
89.82610175034334
42.17819044933662
29.766607668112886
75.87834808580615
89.68386800302876
76.62141518289984
57.12770204337711
11.336385101905034
50.03196966425884
36.726143778027264
69.0137954527179
83.93185620402558
65.7111589633623
13.764135800971623
39.27549764981486
22.503625882554513
96.28488525218386
28.088476710699815
27.402559177432806
55.6527487516827
38.85112155682404
43.21643694335149
14.715136007689377
93.40657575050798
90.22958380968775
77.01647172088413
33.175075137297746
53.43178483270263
71.99944510951667
80.69082990907297
0.6514889544036673
30.01811696236646
98.56731232328033
65.39587698247004
85.17083773389399
1.1059606612247697
33.91616937780704
88.32218848411183
29.445779548173757
61.742165292762806
84.05452904847117
22.39269173662025
95.4537449144183
97.32773033003363
56.757973886735215
30.794581807852374
4.122554218430807
5.234818308987455
56.00482757882911
47.073510155927146
68.91058092882312
45.21937275863495
52.90038168105171
11.02766973091015
23.080427618024512
88.67280369904779
52.05070354752299
58.48396336513798
59.61460687485619
93.64530577479165
70.1246548337211
19.111823157162743
77.87839722255595
96.26134619721405
90.5193758115597
71.74953461022714
13.287414457763703
53.932286406681804
41.41158687945777
66.21595731349652
51.71132805696029
3.6470959502251765
91.9344194626856
67.61907852339152
40.35630898282571
52.36645056553206
53.995054129022215
28.10844681358857
78.7212270100402
26.693682253944083
21.001904943777873
50.150209351184415
14.14458557516457
78.97590288680625
22.414533471431263
46.405070343977975
41.929158221342334
4.776907409353992
17.34120129248118
78.2093763551004
71.76680305267166
19.374752602457413
13.94821390605584
59.791497948684125
66.90858698201806
78.88944394016818
73.77718184331475
38.46907017999131
98.9140458293235
98.80138828508433
90.43340973201055
82.67331991401532
63.04511834958283
78.79388093041142
65.74008931914963
16.159476475347656
91.39247880874366
64.27907747500427
10.911192555813344
0.3983266511260908
30.728759235952985
79.60680360735134
50.0768227790286
42.433877409168815
31.436706700004468
37.29991882825811
79.4087525116469
50.885200690147194
19.92517516280885
92.60359650889113
49.321565327796954
2.8502621656122384
72.55762446357733
25.634794105845405
44.430199350598
97.36886505914578
40.4861698300532
89.50974898960581
33.82074343554584
93.53897484596291
15.686566000575041
86.2554275327591
95.00693079396633
82.02242103785868
76.38146771884067
19.410009613833335
36.914312034085896
47.70831931258195
11.562305001113982
40.70927957104921
79.84432518043218
18.65952540215262
14.893226676580051
2.6881610286916713
15.377454806375091
48.68706139419714
31.049090273668757
60.20515723363219
52.956342775379795
51.03828978734418
37.42997972874883
20.717524244620446
1.1411467687907462
73.90131589647105
57.756613019055806
68.53793872771179
0.31864761486291027
58.42693540366562
96.13649383564844
68.82960118767252
81.02989320758223
63.27858553986163
13.643653924437139
37.458236138759226
40.91128550602997
1.0928627609898878
20.246645178302458
88.31417234401748
14.94923295762417
53.04801500003335
72.28176665342305
92.22543076350247
81.65427894215311
60.6251330872971
19.09106290879806
49.855734090621795
67.39798041001042
34.85377589428737
64.97042237357165
74.76527123696302
58.02836639031162
45.46427465046422
42.864906420413504
92.00861825249758
3.895663206876443
6.911073264319622
78.95130409146522
12.502310263331996
71.46626316867243
92.7409941519855
76.06921525845223
52.70704248155245
10.317502141641677
38.53723845346716
48.18512756032756
78.39240960035929
90.2216967946373
15.317614526063583
13.79617016811463
64.65726136817518
20.37739224773002
73.83162644454124
16.753138636951746
90.85133341540092
74.17584096797889
36.88173416937449
90.88781564335767
46.97100761610669
92.51790140319409
44.38523296726032
64.35207701420761
41.15393316202693
17.7963007887056
70.20321151979687
82.78621724361892
50.60307453895143
85.02977704912081
13.670992868922571
67.04532660855075
83.02323944093705
77.79746139171466
85.86552498994564
16.184337790005277
22.166566520843865
94.3314916295713
70.91965515120988
99.34104042067075
97.87542984764782
74.93149757399206
86.2124644015098
27.57340481208037
36.74898893291366
44.15140120927996
66.90867045843878
83.79429373331477
85.9144327176225
62.0522616092965
27.610407071224063
4.779416484483379
25.600664526781923
49.05603129612047
77.04435265350173
59.85947498392748
15.795390513048623
26.40320506399707
15.274352150146752
93.53933609534133
16.55748845688285
66.60801728940766
23.506478917792805
0.8408354566530662
60.45228262720589
58.60876973316509
99.42246118641788
97.30506812134725
14.29294824987537
13.88726300153843
54.02338154803067
62.91271580762403
87.2853928259918
24.089374276191975
71.77404052709423
70.24902875723859
8.254959801585482
27.349589355500136
37.46653187093334
6.078409245776594
29.890164511122375
5.846526252912543
5.9476933015119915
83.6068662296559
90.70791370196171
28.507197413572392
91.5203787273612
97.68606359345077
38.16620966756632
70.61989220365741
56.53339094232075
65.2627199774495
80.77957621175797
58.00644284821706
45.85945810950698
82.47142671051552
19.17828380537069
73.40325197543123
49.14225994435755
28.700705096237034
28.00431534401624
82.63724202935046
40.79983036013128
19.45070462639722
77.04054149554564
65.96808011182996
95.8474095254386
62.96178897958943
61.266573795139415
67.6125691017922
68.9722233629325
49.27159616760213
57.70904945831449
74.10792029198045
47.61304974916117
35.05181274411162
47.014832301616906
34.545277800430355
50.010879617719574
89.91905861347252
69.29778809651938
13.328552715834673
41.140316275851376
65.92604368637494
39.25391312698678
72.76154832331953
9.193737330757902
64.69419302548798
13.74586188583472
68.66641467333241
73.14647391317462
44.65156503069172
2.6958639179976984
14.772434360897524
42.63681690003354
19.083751796927572
91.83765779344523
30.63940527949338
69.44968356319747
26.340671462614583
23.26063870978633
76.83088241395023
91.78956161722446
70.9275260298252
25.08524909160973
39.35266479417546
62.65660545838211
10.267476842741862
50.32402900281377
95.96307109136544
43.82942847408147
30.449566734169174
44.82608879999144
46.965720317349216
43.474511326656376
28.30602522137505
57.60013880590701
24.293007555708137
92.96457475159355
17.111984406659687
24.406303418646015
22.36333420361666
77.8707122116251
74.97184264009135
0.954735317077704
35.31369388727158
6.726151986234918
0.9372785548066975
6.075357177409124
41.34524550432407
28.33951097327332
68.5265566774766
69.21805869895007
26.986451739286533
25.566645361423625
98.19750046223072
18.684598728687984
11.274410253050016
18.549871311831666
25.219652329216135
86.05978015059019
70.26111067966212
16.09192171099728
30.112551376721754
5.616357485655509
71.63155402143371
17.203924249936264
77.51165484074903
80.85970693946527
19.53196384268502
1.079991655988899
79.20633552144365
12.270092662928
5.5448289708981635
50.34640791309904
43.27542559148414
32.9074206369268
21.828709793594513
94.67002948754849
14.415475260338761
94.459664103594
31.409460857177617
83.99575433574215
53.05360905567766
60.77725910353333
50.133230605053825
13.31488528664937
44.18482889978945
9.896079464301867
73.72675963325533
40.245956077825205
76.60096354561718
9.632275450230555
39.45682383543373
62.289015989650935
64.78353580960403
18.62567421146396
29.336068249222325
96.15572714143963
51.068448327246344
56.542191920687856
72.57668875501211
18.494864923030686
64.92194729916022
35.46009281782019
89.76677202425395
49.47969747441554
73.39654380357614
27.461088516407205
72.43863685259049
76.1040967549971
91.43746266661506
74.29812438211016
34.84663143895641
98.30189262634875
62.48712978879527
16.661263527164184
70.34173198676123
54.067042908481454
22.476278234596382
36.79692712888538
73.26289668903085
96.42447172162349
83.30539480517692
4.859860258699122
24.19942624807948
92.58409349020565
88.64996648145093
10.822815814123421
54.57478421636234
33.465791479977234
41.160779001072825
96.88230934331156
24.88632787527574
70.8859667942793
90.59991968542931
13.13558084559352
75.98668401760985
66.639605899318
9.541926226890208
59.647349112822326
8.570409056986172
26.15076514268293
6.900778007625419
33.92246075455295
79.68151412650245
91.55076712834425
47.61271537944285
61.03992460974925
55.28655711685716
40.06442764731703
49.05927410762951
23.13588727169701
37.96207383006719
69.46558891549252
88.10168089524058
0.26700608702439066
43.515828964186184
28.8608312355099
79.6807113151411
93.86588277309278
46.23279593574714
67.72117945418776
66.04483441389478
92.75781514545305
24.892485341675417
24.16678817501936
42.67636829413416
12.123777611708098
28.94932208195463
81.14806492502657
76.94392712408795
99.53267769971794
89.04019387475238
44.92527009973442
97.46694365501754
83.22490594158327
0.6545215597188014
38.83000788059007
71.3262628347943
59.764728897872466
58.5901331764097
8.94569341913064
27.84361231248108
75.2871744342738
55.90431709757714
34.28854807319814
77.29977526481171
13.119662520613273
3.826170465188583
19.301267034636794
21.621414145969965
92.62865201657523
23.690103257830486
86.8860328135037
75.62558859371957
42.544883817204415
89.46244502269946
87.86649989426527
25.69459545397853
43.82780081220326
71.14046413567948
53.80475309767404
43.07909591866574
84.16759101667645
45.7031563921118
7.047104903338086
3.9990408570514946
98.12238535770047
98.92099086458302
21.812399027158857
76.05513261587996
96.53975054357142
3.9564287397944375
72.96811271111727
56.23560921907943
42.38267371075953
43.58487202470066
91.28856224548453
29.067482853792047
92.51363725904933
67.6228166087007
28.417096675212584
12.589574027540106
31.42023446600064
56.69565598855627
83.74768309553095
2.4138188440865793
65.15443625831672
5.22743556189128
69.2496098926726
8.407877321548686
82.36944217384712
21.188712283449618
21.53093453567918
28.052630035411564
43.9233884946697
11.267065967394785
3.378785386929817
75.9229748337148
26.055319815828526
83.50922385319008
78.0714282968593
69.45015811633098
11.605515607552553
56.05021585137352
36.531005884240685
45.988713678812196
22.883128406458276
22.76804176896452
8.34027027124382
77.6872234657417
55.96580319219551
27.701930873031888
53.76749121992383
97.50919023610855
58.460751892111176
39.17622953744655
99.1840649746079
50.90164039768749
75.85565449701454
Flamable Gas
Flamable Gas
19.4969320644636
92.07703372996663
17.845811491224595
51.469814823294435
1.470870836801652
59.36179640220027
7.418899203851015
16.963688982731217
0.10388360219637516
7.85351145745704
23.371111216215333
32.97223375300581
37.675277003586736
63.522055900626825
89.2253999514166
30.088368924233677
42.84309017728864
70.16631729395404
79.46725798292256
4.548694848348244
0.8324982133252723
57.19574958900886
98.8444220939211
79.5772303658844
3.1144018606561685
59.65372514284959
95.24804810863344
29.239461231374662
42.563596479496915
9.69774280436555
71.7066230338999
88.07828216331413
22.980058859806817
84.1134991108255
6.028700836062562
76.33003942036588
31.981351070759366
99.55170716408152
48.99481838256145
89.01648429882017
40.797300526510405
85.68693225747792
76.02119154839849
67.08165833760586
96.89895649308119
9.890678087166382
72.94817562169587
86.06367098646379
93.07131970424568
64.19491394297786
19.108409594079344
43.92203331053764
21.70609554907964
63.61751490772406
38.164633377910995
72.40257865091048
87.69545335727669
80.31022834280648
92.24577165007169
58.95120458637222
77.08694336185029
34.04552527964104
31.703240133621247
66.41469886618405
24.416186436674923
82.26934871739185
77.03494426188475
37.2470746167631
90.64938545050737
48.49390504794713
67.44455805301874
23.974918579890826
99.9308141305707
68.02054685541175
60.17163445055805
80.22101261944191
22.673169960412565
7.478754869332094
59.89281018798641
35.86240055173919
78.76926954210039
99.20400119994241
58.03256102512654
56.9683736970196
99.41762407139417
16.556586958586962
79.79387280552908
78.75205451242977
73.47426014427846
22.992713771546637
18.538721852897854
49.87345851419216
8.219509926537338
23.176897382097295
44.556514671597355
48.3363519752968
86.15326955834513
80.21753806664016
97.33092470967753
85.2337921160798
62.1086074946535
93.80620490809183
15.887780082530078
45.79347757485793
82.45744504256574
86.22220970396359
82.17575538119397
